Jobs are started ...
Euler: 2.7185452500000000242152964347042143344879150390625
time: 6.322203636169434 (s)
