Jobs are started ...
Euler: 2.718316750000000059372951000113971531391143798828125
time: 8.266072988510132 (s)
